Gilroy-01
2000 0.02
-0.156779996
-0.03953
0.05456
-0.03899
-0.06745
0.09494
-0.01385
-0.098139995
-0.00193
0.03154
-0.03674
-0.05763
0.07401
-0.04938
-0.201399997
0.03445
0.116799999
-0.15897
0.02775
0.05544
-0.0823
-0.171760004
-0.03875
-0.04976
-0.08695
0.157960002
0.03819
-0.203260002
-0.155549999
-0.05706
-0.00327
0.05176
-0.09946
-0.100680001
-0.106380003
-0.03868
0.296619996
-0.0216
-0.1334
-0.03918
-0.229659997
0.00311
0.00252
0.144249997
0.129590002
-0.23506
-0.160389998
0.154789999
-0.121749997
-0.05449
0.192310001
-0.37289
-0.155210004
0.415259998
-0.232399999
-0.140860005
0.376449999
-0.260339997
-0.430660001
0.125169998
0.268649999
-0.06886
-0.177209998
-0.202990001
0.391310001
0.158059995
-0.25544
0.157600004
-0.460680003
-0.256980003
0.746359996
-0.313709997
-0.893319996
0.249089997
-0.04536
0.08826
0.675360003
0.01259
-0.328869999
-0.422960004
-0.254719995
0.266870004
0.246399997
-0.178070002
-0.497940002
-0.03014
-0.06842
-0.132429997
0.635060003
0.238480001
-0.85154
0.329860004
0.544829997
-0.838630001
0.406500001
0.963490003
-0.809949995
-1.05649001
0.218100001
0.11666
-0.06
0.397310003
0.175259996
-0.09473
0.37914
-0.07579
-0.431019998
-0.309439999
0.341110004
0.653719996
-0.448070004
0.161889996
0.624939997
-0.395080004
-0.738669996
0.121259997
-0.05513
-0.574330001
0.330989998
0.686629996
-0.232919997
0.08399
0.681280004
-0.236159995
-0.364939995
0.595870005
-0.113699999
-0.526880002
0.152660002
-0.204590003
-0.23082
0.664550001
0.461340001
-0.116209996
0.563719996
0.72594
0.344249999
0.689559998
0.390889996
0.239720005
1.563859973
0.991940014
-1.068769972
-0.650559999
0.573719996
-0.646550005
-1.312419961
-0.425499999
-0.331170002
-0.547409998
0.252759996
0.985610013
0.683199998
0.723320004
1.784779996
2.401730013
1.985849974
1.967339975
2.470740027
1.985630034
1.663249988
0.331289998
-1.612299987
-2.948989986
-3.605860032
-3.678160027
-3.452350013
-3.446149995
-3.06689
1.172269985
4.266090004
2.99215997
0.540490004
0.779000004
1.305720025
0.06603
-0.583240002
-0.216019996
0.06906
0.808380003
1.471250041
1.521670008
1.00176002
-0.05411
-1.399210012
-2.610730003
-2.685010047
-1.620029973
-0.02089
1.81349004
1.995890018
1.020039974
0.696200004
1.135059968
1.618959996
1.142349975
0.462269998
-0.213359995
-1.139219996
-2.56464998
-2.987099972
-2.833520008
-1.611570025
0.362610002
0.485889997
-0.297109996
-0.640110005
-0.442770004
-0.285559996
-0.348299998
-0.362699999
0.554369996
0.733909997
-0.106270003
-0.247310002
-0.08834
0.500559998
1.432910011
0.839520003
-0.484680002
-1.133949966
-0.405820002
0.780809998
0.609829998
0.00225
0.367070001
1.214280034
0.664259998
-0.660209998
-1.34625004
-1.093429958
-0.312420002
-0.191790003
-0.431440004
-0.532370002
0.1859
1.225559965
0.255149997
-1.271609969
-2.021299979
-1.059840027
0.01736
-0.05634
0.515710003
0.566209999
0.289840001
0.38039
1.297849953
1.568680018
1.025200034
0.323959995
-0.907259996
-1.698689986
-1.599560034
0.08515
0.287990002
-1.107900002
-1.351869993
0.439100005
1.275269981
-0.00455
-0.634520002
-0.04993
0.622210002
0.291770001
0.281760005
1.240850027
1.381749978
0.450049995
-0.418890002
-0.807339996
-0.566019999
0.202630004
0.488709999
-0.321809997
-0.524579999
0.437830002
0.882659998
-0.217720001
-1.196149977
-1.511489975
-1.214189978
-0.727320002
-0.539389999
-0.446969999
-0.359439999
-0.0698
0.358029998
1.28481001
1.74213004
1.528840039
1.026339956
0.222230001
-0.382450001
-0.81203
-0.501010002
-0.204450004
-0.451269996
-0.815709995
-0.652240001
-0.176129996
0.274689996
0.423799995
0.124189999
0.102380005
0.217310002
0.333560003
0.585520003
0.588959998
-0.04253
-0.176110003
0.110419996
-0.01044
-0.04613
0.162019998
0.02728
-0.120799997
0.184989995
0.343290002
0.649520002
0.804079995
0.493540001
-0.07907
-0.370540004
-0.330119999
-0.437299997
-0.454169999
-0.330229998
-0.188640002
-0.305840003
-0.474920003
-0.297789996
-0.130659998
-0.07846
0.131330002
0.34922
0.04937
-0.06766
0.252729997
0.07636
-0.191019996
-0.08414
-0.155540003
-0.0777
0.40721
0.612940003
0.211339999
-0.03053
0.207869996
0.136399996
0.099400002
0.489419997
0.670459996
0.486030005
0.244560004
0.0055
-0.09616
-0.05094
0.04068
-0.01421
-0.139610005
-0.434080002
-0.684740001
-0.443890002
0.01759
-0.104819997
-0.431369999
-0.299860004
-0.287319999
0.204799995
0.516269997
-0.02974
-0.675669999
-0.590500001
-0.01412
0.098219996
-0.351729996
-0.994709966
-0.866139998
0.3046
1.207170041
0.982389979
0.641029996
0.982059971
0.911020002
-0.134569999
-0.543480004
0.02948
-0.114199995
-0.548210003
-0.04565
0.07361
-0.368430001
-0.370330002
-0.189
0.06915
0.598639995
0.75238
-0.01891
-0.253770005
0.178569998
0.286969997
0.540669998
0.528529995
-0.09187
-0.536420002
-0.187319998
0.02661
-0.360719998
-0.535980004
-0.332189997
0.136809995
-0.07304
-0.550749999
-0.202910001
0.558510003
0.490889997
0.00785
0.320680002
0.566239998
0.037
-0.548579997
-0.479089999
-0.09485
-0.09027
-0.364490001
-0.131360001
-0.00871
-0.04739
0.03139
0.138910002
0.247919998
0.356000005
0.485440002
0.27332
0.04927
0.251069998
0.600839996
0.374100004
-0.125180005
-0.280339997
0.05012
0.484339997
0.353450003
-0.155689997
-0.521910001
-0.568309997
-0.167790005
0.13734
0.3318
0.42145
0.297839997
0.134579996
0.144320001
0.08014
-0.06533
0.126810005
0.313299998
0.141879999
0.04881
0.230980001
0.141980002
-0.127390001
-0.214309996
-0.25476
-0.354840002
-0.408430001
-0.445889996
-0.377539998
-0.208409997
-0.109439997
0.11723
0.308690005
0.07473
-0.06935
0.02168
0.04331
0.06182
0.248940002
0.324519999
0.221039999
0.306690001
0.195490001
-0.207530001
-0.337269997
-0.152749999
-0.244940004
-0.58265
-0.767810002
-0.499020005
-0.07606
0.02519
0.05193
0.179020002
0.141369997
0.157479999
0.387819995
0.07343
-0.251410003
-0.02631
-0.106810005
-0.461299995
-0.703810004
-0.405179997
0.02163
0.08166
0.04352
-0.12522
-0.06378
0.194970003
0.0641
-0.201859997
0.05413
0.09026
-0.109510001
-0.02202
-0.08983
-0.259789999
-0.224389996
0.08175
0.319940005
0.28074
0.06795
-0.109979998
-0.337370001
-0.206939998
0.394799997
0.523329999
0.389039997
0.427539999
0.239320002
-0.215479995
-0.57985
-0.416170003
-0.106030002
-0.07124
-0.04955
0.159089996
0.528419996
0.569810004
0.306749999
0.01914
-0.242569996
-0.118150002
0.181049995
-0.02952
-0.148129999
0.0764
-0.107949995
-0.389050003
-0.52167
-0.36346
0.133550005
0.348929997
0.151699996
0.15753
0.424849999
0.422709996
0.214750004
-0.05119
-0.194700002
-0.05663
0.02245
-0.136620005
-0.185490001
-0.180749996
-0.02521
0.154560003
-0.05496
-0.169499995
-0.08448
-0.224590003
-0.206330002
0.244830004
0.317379997
-0.0492
0.05817
0.341090002
0.203519996
-0.02972
-0.144009996
-0.207660003
-0.281749998
-0.220000002
-0.06832
0.08822
0.193049999
0.18946
0.179100003
0.04704
-0.192360003
-0.14052
0.01802
-0.1159
-0.09467
0.0655
0.03268
0.115430003
0.215650003
0.15101
0.117569995
0.09897
0.04188
0.114990005
0.237850003
0.289279997
0.280749996
0.112060003
-0.05374
-0.01184
0.09254
-0.03952
-0.158159998
0.04529
0.12889
-0.201719999
-0.392800003
-0.224519999
-0.02483
0.155080002
0.170249999
0.10446
0.203750002
0.253469995
0.03939
-0.08472
-0.07941
-0.280080003
-0.401520004
-0.253269999
-0.150689997
0.00633
0.114640003
-0.02042
0.02341
0.0752
-0.08057
-0.128269998
-0.07493
-0.01003
-0.0307
-0.129860003
-0.246779997
-0.285479996
-0.12658
0.01747
-0.04788
-0.08891
0.0264
0.07407
0.01643
-0.07796
-0.168429999
-0.119970002
0.0412
0.122250003
0.038
-0.130860005
-0.173010004
-0.173750001
-0.366749999
-0.427569998
-0.09803
0.0605
-0.08676
-0.119990005
-0.104210002
-0.194959996
-0.02877
0.0212
-0.269450005
-0.207250004
0.126969996
0.28237
0.1109
-0.06486
0.04052
0.04256
-0.00357
0.190959998
0.20908
0.04495
0.199119996
0.157619997
-0.03867
0.08681
0.06835
0.02468
0.188040003
0.302830001
0.177479999
-0.112930003
-0.176859997
-0.04597
-0.06285
-0.10984
-0.110130003
-0.106829997
0.00824
0.100190001
0.148269998
0.209419995
0.269439998
0.211399997
0.154629997
0.193429999
0.164299999
0.284499996
0.317129999
0.08376
-0.10734
-0.244730001
-0.16802
0.07744
0.08128
-0.06306
-0.0056
0.05837
-0.06955
-0.101149998
-0.09647
-0.196179997
-0.07915
0.189810001
0.285710001
0.316369998
0.193729999
0.0197
0.06179
0.178409997
0.07669
-0.225229997
-0.492299998
-0.329270001
-0.01283
-0.08473
-0.128219996
-0.04585
-0.00752
0.168560001
0.394400004
0.337979996
0.03832
0.02905
0.178899996
0.01898
-0.04213
0.04503
0.08825
0.09285
0.02319
0.01812
0.01566
0.04533
0.08864
-0.06902
-0.230669995
-0.09314
0.04634
0.0308
0.06862
0.00031
-0.164350001
-0.135039996
-0.06845
-0.04651
0.037
0.07433
0.07556
0.103660004
0.04173
-0.110719996
-0.108720002
0.06804
0.105909996
0.0073
-0.04148
-0.153070001
-0.06696
0.108370001
-0.00975
-0.10003
-0.129739997
-0.08801
0.01017
0.00543
-0.09096
-0.09554
0.07046
0.07839
-0.09453
-0.04443
-0.02252
-0.157220004
-0.09721
-0.0419
0.00472
0.02658
-0.04243
-0.02715
-0.0259
0.03803
0.177239997
0.08049
-0.142110005
-0.159679999
0.03823
0.06611
-0.07269
-0.148619999
-0.05474
-0.01271
-0.098610002
-0.08002
0.04889
0.08259
0.06069
0.11052
0.240570002
0.230909997
0.04963
0.0287
-0.05726
-0.138990003
-0.114299999
-0.02186
-0.00408
-0.07133
-0.04168
-0.0524
-0.02523
0.117770002
0.122850002
0.03988
0.02993
0.05651
0.00741
0.00015
-0.00464
-0.137079996
-0.281669998
-0.253269999
-0.04679
-0.02287
0.01084
0.148580004
0.098899996
-0.01141
0.03224
0.03865
0.00771
-0.00084
-0.146650004
-0.11408
0.04807
0.04471
0.121220002
0.132610001
-0.09525
-0.147090002
0.0066
0.02396
0.09243
0.179439998
-0.02567
-0.248990004
-0.149340004
-0.00669
-0.04145
0.00882
0.130639996
0.148580004
0.11397
0.06559
0.04299
-0.05817
-0.197859999
-0.00645
0.05089
-0.170279998
-0.121989999
-0.01549
0.02046
0.07393
0.126630001
0.136080004
0.06977
0.05014
0.152660002
0.0528
-0.146760003
-0.129320001
-0.04928
0.08039
0.200929999
0.1028
0.00371
0.09798
0.06773
-0.05945
-0.08804
-0.122000005
-0.104169996
-0.04359
-0.04068
0.01884
-0.00998
-0.07852
-0.06238
0.01762
0.098690003
0.134379999
0.201319996
0.21802
0.07142
0.041
0.120259995
-0.02725
-0.05945
0.04202
0.00329
-0.05639
0.09201
0.09046
0.07673
0.128830002
0.01394
-0.03448
-0.04514
0.01969
0.03221
-0.05583
-0.07922
-0.03037
-0.07444
0.03496
0.141689999
0.07529
0.03176
-0.02935
-0.12397
-0.218640002
-0.099059997
-0.02743
-0.04044
-0.05415
-0.139959996
-0.138740005
-0.05344
-3E-05
0.01737
0.05761
0.01287
-0.08203
-0.06319
-0.07102
-0.24794
-0.291390001
-0.00834
0.153070001
0.01271
-0.01834
0.103489997
0.130380001
0.102280002
0.01842
-0.01791
-0.02928
-0.03372
0.07161
0.06655
0.02887
0.03351
0.01667
-0.0001
0.01282
-0.01694
-0.02312
0.04164
0.07132
0.05093
0.04862
0.052
0.04402
-0.01262
-0.152019998
-0.119500005
0.01787
-0.00712
-0.0633
-0.06836
-0.06838
0.104210002
0.170490001
0.03936
-0.02227
-0.01873
-0.07102
-0.0795
-0.05021
-0.102220004
-0.09305
0.02063
0.08554
0.00324
0.05347
0.156179997
0.05576
-0.00922
0.07125
0.08967
0.05228
0.06025
0.05609
-0.00894
-0.133660004
-0.113979996
-0.00496
-0.00485
0.00411
0.01798
-0.05709
-0.125309997
-0.121760003
-0.0961
-0.02818
0.0085
-0.02114
-0.01458
-0.0106
-0.01028
-0.0476
-0.131170001
-0.07461
0.06909
0.03257
-0.09664
-0.100139999
0.02281
0.128949998
0.131490003
0.114590002
0.142349996
0.212349997
0.223849995
0.116600002
-0.01322
-0.08308
-0.109720004
-0.165700004
-0.186520002
-0.121730004
-0.098759997
-0.03391
0.116980002
0.06559
-0.100549998
-0.121259997
-0.02532
0.07093
0.01326
-0.07654
-0.05085
-0.00647
0.02658
0.00116
-0.05009
-0.04866
0.02226
0.06372
0.05198
0.0645
0.08447
0.03514
-0.05146
-0.03313
-0.05115
-0.107379995
-0.09339
-0.03345
0.05113
0.04239
0.00361
0.06943
0.05867
0.07595
0.131630001
0.06029
0.04552
0.03121
-0.07041
-0.117250003
-0.09264
-0.103029996
-0.07812
-0.04354
-0.08386
-0.08256
0.03415
0.14666
0.135609997
0.09725
0.05894
0.06181
0.0673
-0.03585
-0.04023
0.0326
0.05531
0.05475
0.00838
0.00605
0.08381
0.03906
-0.04075
-0.02746
-0.03594
0.01466
0.099340004
0.107129997
0.0609
0.0421
0.08241
0.05544
-0.00557
-0.04916
-0.04133
0.03389
0.03982
-0.02452
-0.02748
0.01739
0.04212
0.0268
-0.01497
-0.00057
0.01256
-0.06142
-0.06155
-0.01044
0.01374
0.03824
-0.03432
-0.05494
0.02967
0.03686
-0.02812
-0.05506
-0.01726
-0.00842
-0.05109
-0.01077
0.08743
0.07229
-0.00145
0.01812
0.01762
0.02869
0.04891
0.01451
0.03047
0.02922
-0.03189
0.00245
0.02051
-0.03241
-0.00209
0.03641
0.03635
0.0251
0.02288
-0.01295
-0.02728
-0.01646
-0.02271
0.01188
0.03648
0.01826
-0.01668
-0.05177
-0.05304
-0.0002
0.03104
0.01501
0.00621
-0.00454
-0.0241
-0.07811
-0.09599
-0.08079
-0.07372
-0.05105
-0.06211
-0.0289
0.00628
0.00792
0.00231
-0.029
0.0104
0.0762
0.01588
-0.02526
-0.00931
-0.03128
0.01322
0.02018
0.00955
0.03334
0.05845
0.03196
-0.06737
-0.0836
-0.0044
0.03687
0.02273
-0.00541
-0.02806
-0.0469
-0.05509
-0.01811
-0.03086
-0.05042
-0.00244
0.04714
0.04405
0.01863
-0.01383
0.00446
-0.01126
-0.0679
-0.03779
-0.02417
-0.04935
-0.03475
-0.03876
-0.03073
-0.04109
-0.06884
-0.03544
-0.02819
-0.02021
-0.02393
-0.01159
0.01107
0.02449
0.01708
0.0152
0.01893
0.00642
0.0028
0.01664
0.07299
0.113949997
0.100389997
0.08559
0.0871
0.05678
0.008
-0.04468
-0.02576
0.0107
-0.02829
-0.04912
0.02339
0.04072
-0.00879
-0.04039
-0.05449
-0.03033
-0.01767
-0.00117
0.02396
0.0194
-0.02004
-0.04836
-0.01517
0.00095
-0.05061
-0.06506
-0.01983
-0.00532
-0.00137
0.00809
-0.00864
0.01918
0.05064
0.01356
-0.0165
-0.03009
-0.03735
-0.01928
-0.00622
-0.01046
0.0166
0.07072
0.03856
-0.00127
0.03891
0.0036
-0.02848
-0.03229
-0.04831
-0.0137
0.02883
0.01074
-0.00694
0.02144
0.00715
-0.00545
-0.00753
0.01634
0.0266
0.00176
-0.00437
-0.00507
0.02705
0.03231
-0.01478
-0.0319
-0.01622
-0.00729
0.01721
0.0478
0.04969
0.05168
0.04915
-0.00472
-0.02747
-0.03236
-0.06532
-0.05915
-0.0296
0.01822
0.07841
0.0937
0.05019
0.05304
0.06053
0.04472
0.0378
0.00609
-0.01135
0.00185
-0.00116
-0.00044
0.01085
0.00874
0.01386
-0.00104
0.0105
0.04195
0.04885
0.06856
0.04949
0.01034
-0.00549
-0.00491
-0.03282
-0.05264
-0.02101
0.00036
0.00648
0.00222
-0.00405
-0.00134
-0.0139
-0.03281
-0.03655
-0.03345
-0.02062
-0.02693
-0.0309
-0.0116
-0.03314
-0.03858
-0.00489
-0.0102
-0.00217
0.00336
-0.00505
0.01387
0.01401
-0.02092
-0.02656
-0.00388
-0.00257
-0.00736
-0.01162
-0.00213
0.00854
0.00037
-0.02941
-0.02477
-0.01147
-0.0234
-0.00368
-0.01752
-0.03308
-0.03036
-0.03226
-0.02613
-0.00449
0.01579
0.018
0.03648
0.04687
0.04684
0.0452
-0.00572
-0.03137
-0.00843
-0.02004
-0.04608
-0.03201
0.00634
0.01314
-0.02401
-0.02615
0.03288
0.04138
0.0403
0.03031
-0.00747
-0.00727
0.00844
-0.02301
-0.01549
0.01057
-0.01896
-0.03022
-0.02531
-0.00164
0.00846
0.0138
0.02391
0.00388
-0.01008
-0.01121
-0.01857
0.00302
0.03176
0.01645
0.01077
0.02282
0.01468
0.0145
-0.01737
-0.08165
-0.05889
-0.02246
-0.03283
-0.01556
0.00377
0.0075
0.04879
0.07528
0.02611
-0.00387
0.00759
0.01368
0.03648
0.05486
0.04377
0.05095
0.06701
0.0377
0.01008
-0.00081
-0.01592
-0.00508
0.002
-0.01509
-0.00043
0.02979
0.05543
0.07375
0.09606
0.07994
0.05475
0.05564
0.0316
0.01404
0.00705
0.01282
0.01477
0.0355
0.03717
0.00148
-0.01408
-0.00017
0.00375
-0.00608
-0.00523
0.01081
0.00252
-0.03236
-0.03967
-0.02007
-0.02069
-0.02266
-0.01081
0.01057
0.04268
0.0296
0.00255
-0.00907
-0.01998
-0.03131
-0.06134
-0.05609
-0.01725
-0.0161
-0.01461
-0.02403
-0.06316
-0.03776
-0.01601
-0.0414
-0.03078
-0.02117
-0.0265
0.00244
-0.00212
-0.0072
0.01159
0.00507
0.01006
0.00915
0.00231
0.00467
0.01771
0.00909
0.0086
-0.01296
-0.03767
-0.01081
-0.01534
-0.03359
-0.02743
-0.02206
-0.01975
-0.02236
-0.0144
0.00047
0.00198
-0.01801
-0.02509
-0.03279
-0.06235
-0.05244
-0.03029
-0.02786
-0.04161
-0.0406
-0.04231
-0.0461
0.00337
-0.0033
-0.01329
0.03068
0.02438
0.03556
0.0437
0.01623
-0.02184
-0.01679
-0.00471
-0.02306
-0.02119
-0.01269
0.00188
-0.00206
0.01564
0.01236
0.00483
-0.00164
-0.03539
-0.01537
0.00607
-0.00313
-0.00143
0.0087
-0.00638
-0.02007
-0.03028
-0.05115
-0.03943
-0.02305
-0.02272
-0.01881
-0.00339
0.00592
0.02448
0.02665
0.02814
0.03314
0.01104
-0.01698
-0.00841
0.00066
-0.02679
-0.02144
-0.02201
-0.01486
0.01119
0.01463
0.01497
0.01558
0.00848
-0.0069
-0.01372
-0.00336
1E-05
-0.01243
-0.01
0.00086
0.01293
0.027
0.03548
0.03344
0.00065
-0.0174
-0.00574
0.008
0.00115
0.00411
0.02801
0.01406
0.01866
0.0191
-0.00822
-0.00852
0.00018
0.01335
0.00319
0.00418
0.01048
-0.01048
-0.00825
-0.01308
0.00047
0.04161
0.038
0.02313
0.02115
0.02826
0.02074
0.01574
0.01256
-0.00047
-0.01988
-0.02621
-0.01078
-0.01612
-0.02175
-0.03268
-0.00802
-0.00102
-0.02452
-0.03674
-0.02379
0.01121
0.02307
0.02202
0.0269
0.01947
-0.00222
-0.00053
-0.01156
-0.01896
-0.0389
-0.04292
-0.0135
-0.00171
0.00056
-0.00457
0.03113
0.05783
0.02205
0.00316
0.01745
0.02619
0.00697
-0.00463
-0.00306
-0.00388
0.01377
0.01802
0.01446
0.01844
0.01997
0.02264
0.02109
0.0003
-0.01012
-0.00464
-0.00457
-0.0079
0.00301
0.02998
0.03883
0.04675
0.05389
0.05222
0.03072
0.01845
0.02182
0.0207
0.03757
0.04544
0.02284
0.00119
0.01383
0.02113
0.02023
0.0235
0.01866
0.02343
0.03342
0.02887
0.0215
0.02183
0.01993
0.00885
0.01797
0.0112
0.00035
0.01598
0.01985
0.01367
0.00865
0.02663
0.00309
-0.00977
-0.00621
-0.00442
0.01383
-0.0006
-0.00068
0.00495
-0.0115
-0.04543
-0.03727
-0.01879
-0.03732
-0.03385
-0.01491
-0.01531
-0.0092
-0.00507
-0.01236
0.00375
-0.01378
-0.01935
0.00763
-0.01299
-0.01854
-0.00346
-0.01426
-0.01832
-0.01493
-0.00271
-0.01192
-0.02296
-0.03437
-0.04463
-0.02994
-0.02769
-0.03693
-0.02921
-1E-05
0.0034
0.00554
-0.00573
-0.02215
-0.01042
0.00512
-0.00557
-0.00936
-0.00462
-0.00492
0.01832
0.01862
0.00634
0.02789
0.04443
0.0206
0.00151
-0.00231
-0.0028
-0.00354
-0.01652
-0.02435
-0.00368
0.01905
0.02805
0.02717
0.02332
0.01423
0.00516
-0.01661
-0.00695
0.00411
-0.00878
-0.00783
-0.01957
-0.02207
-0.02267
-0.01137
0.00236
-0.00161
0.00277
-0.0012
-0.00913
-0.00201
0.00219
0.00425
-0.00955
0.00628
0.01964
0.01041
-0.00202
-0.01275
-0.01025
-0.00542
0.00478
0.01428
0.0205
0.01945
0.01911
-0.01803
-0.01667
-0.00794
-0.02646
-0.01991
-0.00947
-0.00587
-0.01252
0.00519
0.01687
0.01883
0.00806
0.00324
0.02619
0.01507
-0.0014
0.01331
0.01027
-0.00968
0.00037
-0.01
-0.0092
0.0112
-0.01512
-0.03862
-0.00633
0.02
-0.00553
-0.01149
-0.00502
0.00341
0.00247
-0.01893
-0.02243
-0.01556
-0.02534
-0.03341
-0.00607
0.01647
0.00797
-0.00392
-0.00824
-0.01164
-0.01359
-0.01832
-0.03723
-0.03803
-0.02134
-0.0247
-0.01612
-0.01019
0.0075
0.00819
-0.02933
-0.03198
-0.02136
-0.01506
-0.0258
-0.02763
-0.01782
-0.00959
-0.00718
-0.00677
0.01162
0.00926
0.00631
-0.00411
-0.02197
-0.02131
-0.01261
-0.03312
-0.02208
-0.00781
-0.00022
0.00882
-0.01129
0.00448
0.01027
-0.00724
0.00092
-0.00098
-0.00328
0.01277
0.01402
0.01488
0.00616
-0.00441
0.00768
0.01094
0.00328
-0.00042
-0.01061
-0.00529
0.004
0.00279
-0.01732
-0.01149
-0.00761
-0.01948
-0.00873
-0.01199
-0.0059
-0.00832
-0.01411
-0.00532
0.00736
0.01361
0.01416
0.00406
-0.00492
-0.003
0.00742
0.02812
0.01898
0.02217
0.00964
-0.00861
-0.00533
-0.0094
0.00072
0.00477
0.00376
0.01684
0.0262
0.00567
0.0089
0.03126
0.01373
0.01267
0.00714
-0.01228
0.00539
0.01231
0.02451
0.01978
0.01097
0.01108
0.00775
0.00392
0.00496
0.01576
0.01034
0.00052
0.00489
0.01934
0.01817
0.0301
0.0266
0.00893
0.00444
-0.00758
4E-05
0.00971
0.01359
0.00535
0.00188
0.02055
0.01315
0.01289
0.02559
0.01269
-0.00654
-0.0122
-0.01236
-0.014
-0.02389
-0.02558
-0.01303
0.00649
0.00477