Gilroy-02
2000 0.02
-0.06146
-0.01195
0.00256
-0.00404
0.00206
-0.03436
-0.01139
-0.0007
-0.01045
0.00697
-0.03077
0.00495
-0.01838
-0.02581
0.00836
0.01121
-0.00288
-0.01432
-0.01048
-0.01134
-0.02748
-0.02744
-0.02688
-0.099530004
-0.0124
-0.02864
-0.00344
-0.00942
-0.07238
-0.02439
-0.03108
-0.00459
0.01542
-0.00949
-0.0548
-0.01629
-0.07376
0.0722
-0.0163
-0.09537
0.05789
-0.02255
-0.01814
0.02612
-0.08106
-0.05769
0.149119995
-0.02332
-0.129409998
-0.03093
-0.08592
-0.00576
0.05611
-0.137820003
-0.09053
0.05941
-0.07123
-0.06153
0.04846
0.098109996
-0.04568
0.04923
-0.04377
-0.08943
0.04172
-0.00123
0.08904
0.203610003
0.02736
-0.08474
0.01976
-0.167239997
-0.163690003
0.00505
-0.02463
0.01046
-0.02092
-0.234180004
-0.00946
-0.156039999
0.00938
0.206490003
-0.00232
-0.01137
0.08152
0.113580003
-0.219640004
-0.281740002
0.01634
0.101149998
0.236429996
-0.00595
-0.03708
-0.02671
-0.04619
-0.186030002
-0.00753
0.03987
-0.188789997
0.06773
-0.06969
0.02216
0.201369998
0.250659999
0.07322
-0.00822
-0.127919997
0.00251
-0.291399997
-0.258679998
0.05305
0.162990001
0.01488
-0.02384
-0.09626
-0.0367
0.177170003
0.07649
0.250609998
0.04055
0.04731
0.09285
0.00259
-0.00898
-0.16503
-0.39096
-0.144640004
-0.347809999
-0.280389999
0.07071
0.0448
-0.02765
-0.07562
-0.04597
-0.187720001
-0.06463
-0.142600004
-0.06544
0.26324
0.208159999
-0.04126
-0.206350005
-0.147980004
0.18707
0.218200004
-0.08783
-0.273390005
-0.0643
0.0233
0.02254
0.02481
0.100130003
0.388070003
0.273379998
0.241770001
0.03154
0.343569999
0.588089998
0.364920002
0.461010002
0.186930001
-0.00191
0.04241
-0.08022
-0.135689997
-0.07451
0.268979998
0.614540004
0.742439998
0.680569996
0.329549998
0.638389998
1.130260033
1.097140001
1.213820043
1.141679952
0.827439999
0.536070001
0.524980002
0.503769997
0.272109996
-0.303739996
-0.872609997
-0.466040001
-0.291529999
-0.38615
-0.247710005
0.0921
0.385039998
0.741580005
1.293530021
1.637909973
1.68596004
1.68338001
1.432000035
0.277729998
-0.688620003
-1.016630018
-1.366519953
-1.800780008
-2.509259973
-3.441699983
-3.437239964
-2.824409951
-2.877949988
-1.611629964
-0.05436
-0.158619999
-0.334380001
-0.774390001
-0.809190005
-0.47194
0.03222
0.75988
1.664430033
2.311949972
2.161669993
1.342209988
0.460989999
-0.55936
-1.556619997
-2.028370046
-2.402100046
-2.392560017
-1.733169978
-0.104810001
0.906139998
1.28570998
1.554719996
1.468939982
1.405199998
1.644699965
1.982709989
2.238099998
2.364760047
1.857100002
0.464730003
-1.132760013
-1.567029976
-1.708619963
-1.825419981
-1.959640008
-1.914710012
-1.440970005
-1.596560038
-1.568109959
-0.848399996
-0.114420004
0.58311
1.20239002
1.724720036
2.306330019
2.741539976
2.468490006
1.698169958
1.065439967
0.323010005
-0.177900004
-0.06908
0.198390004
0.472280005
0.754280001
0.673559996
0.485639998
0.246470001
0.10685
0.443430001
0.588769997
-0.04947
-0.770930004
-1.076730002
-1.228700048
-1.325960017
-1.504559994
-1.710659952
-1.999599964
-2.313170042
-2.611860017
-2.808270049
-2.652439964
-2.387190023
-2.160470034
-0.978129996
0.266779997
1.028279982
1.756350027
2.408469973
2.618240048
2.276669975
1.555560026
0.276140003
-0.384350002
-0.119500005
0.230479995
0.313100002
0.264840001
0.719790003
0.666549995
-0.432359995
-0.95687
-1.030710017
-0.56822
-0.271839995
-0.772929998
-1.280700013
-1.221959989
-0.403249997
0.539339997
1.138130007
1.297620006
1.210739998
1.113300014
1.20404997
0.942929999
0.30612
-0.149469996
-0.391200002
0.02891
0.544719998
0.663639996
0.894170003
0.908740001
0.593929999
0.271090001
0.347360004
0.548380001
0.22919
-0.08667
0.09102
0.125879997
-0.324290004
-0.255069996
0.167699998
0.247379996
0.08338
0.01412
-0.03806
-0.356580001
-0.531809998
-0.601120003
-0.767309996
-0.743510004
-0.505539995
-0.414480005
-0.334190001
-0.116039998
0.169679999
0.24438
0.211939998
-0.06542
-0.512590001
-0.454339997
-0.196030003
-0.00521
0.144130001
0.09992
0.149469996
0.228679998
0.278770005
0.304810002
0.207720001
-0.06971
-0.498659997
-0.873650004
-1.100000009
-1.042669976
-0.72738
-0.02987
0.06768
-0.132520004
-0.04299
-0.153360005
-0.320440001
-0.148759998
0.383620001
0.662370003
0.760660003
0.704999996
0.41982
0.185490001
0.202040001
0.248439996
0.02899
-0.300289996
-0.285320004
-0.02413
0.181319996
0.501409995
0.671029997
0.666139996
0.712199996
0.79518
0.709239996
0.326619997
0.12848
0.194510002
0.390190003
0.441930003
0.329849998
0.126300003
-0.188580004
-0.422269998
-0.648620003
-0.750010002
-0.446120001
-0.206300003
-0.200369996
-0.224469997
-0.08765
-0.03923
-0.198519996
-0.229750004
-0.356010001
-0.182289999
0.253819996
0.451200002
0.642480003
0.711359995
0.496470003
0.179089996
-0.315600002
-0.605110004
-0.678879998
-0.76488
-0.736070002
-0.736359996
-0.632659996
-0.489410001
-0.443959996
-0.482500004
-0.527910003
-0.489989998
-0.448739997
-0.412299997
-0.116140001
0.239899999
0.461269996
0.699490003
0.718579998
0.575319997
0.469289995
0.31835
-0.06323
-0.260600001
-0.179890002
-0.09048
-0.06414
-0.06377
-0.110650002
-0.05476
0.272049998
0.495999996
0.599289996
0.640509998
0.580310001
0.461789995
0.390119999
0.436410005
0.386209998
0.272770003
0.261630002
0.0004
-0.223640002
-0.218899997
-0.198029997
-0.03565
0.01311
-0.00164
-0.106559997
-0.176889996
-0.06213
0.111209996
0.208150002
0.09746
0.0508
-0.05268
-0.124700001
0.02311
0.183359995
0.355520002
0.45596
0.492919999
0.487530003
0.330730004
0.03493
-0.335289996
-0.423789999
-0.223230003
-0.09492
-0.199400002
-0.295810004
-0.36229
-0.31528
-0.154979999
-0.167330004
-0.227800001
-0.12397
0.278100001
0.695710004
0.890049999
0.809330003
0.585099998
0.336019997
0.05093
-0.218349999
-0.502249996
-0.65977
-0.746739996
-0.871860003
-0.99309004
-1.083779959
-1.026069985
-0.783000002
-0.411809997
-0.207850003
-0.17196
-0.183359995
-0.06048
0.108340002
0.03466
-0.0955
-0.136980002
0.06069
0.363620001
0.53656
0.614950003
0.648959998
0.578549998
0.246080004
-0.18628
-0.228940002
-0.18294
-0.28354
-0.298409998
-0.323180002
-0.269309996
-0.116289996
0.02304
0.134879995
0.234469997
0.283320001
0.304279997
0.42145
0.542880005
0.547230004
0.395939997
0.0167
-0.257029995
-0.327250005
-0.258290001
0.0121
0.168310003
0.220240003
0.249270001
0.325050004
0.304529996
0.165359999
-0.02563
-0.190490001
-0.274780003
-0.26718
-0.213200004
-0.206820002
-0.222289999
-0.169810001
-0.166360001
-0.183610003
-0.09787
-0.149689995
-0.242729997
-0.164329998
-0.04305
-0.00593
0.02748
0.0553
0.06307
0.04992
0.09104
0.265730003
0.316619996
0.318970002
0.283759999
-0.04187
-0.206939998
-0.150499997
-0.21275
-0.362120003
-0.416209998
-0.340319995
-0.1434
0.102099998
0.286470001
0.38509
0.507150003
0.581159998
0.670919997
0.78192
0.726819996
0.50762
0.222859999
0.09479
-0.02392
-0.236369998
-0.40672
-0.355499999
-0.21862
-0.288040004
-0.344700003
-0.217539997
0.00165
0.1434
0.314730002
0.411420001
0.308979998
0.12041
-0.06201
-0.169370003
-0.236840005
-0.222869996
-0.04992
0.09726
-0.02323
-0.210469999
-0.283070003
-0.255829997
-0.221729995
-0.15976
-0.117449999
-0.07801
-0.06088
-0.05797
-0.01776
-0.02625
-0.06454
-0.188359995
-0.340779996
-0.46849
-0.50368
-0.504179996
-0.29525
0.135989997
0.373940003
0.488499996
0.543929998
0.382340002
0.149240001
0.155320003
0.297060004
0.280050004
0.151330002
0.205689998
0.272340001
0.175980001
0.158899996
0.117129997
-0.01431
-0.01806
0.132539996
0.221259998
0.120750005
-0.00082
-0.107079996
-0.280890005
-0.376870005
-0.302830001
-0.136950003
0.05805
0.02163
-0.143260001
-0.226509996
-0.251829999
-0.280870002
-0.252299996
-0.176449998
-0.18889
-0.143200004
0.03364
0.180249999
0.2112
0.164519998
0.0011
-0.108539998
-0.112399998
0.01733
-0.02181
-0.287520005
-0.455779997
-0.505039999
-0.471250004
-0.441630004
-0.449870001
-0.397960004
-0.198230003
-0.119100002
-0.0664
0.111129995
0.267379996
0.318169996
0.296010001
0.258890001
-0.00345
-0.207839997
-0.219709999
-0.182850003
-0.131840004
-0.134970002
-0.05278
0.02688
0.18378
0.360270004
0.459719997
0.527279995
0.419460002
0.102639999
-0.185769998
-0.163439996
-0.05706
-0.05885
-0.11109
-0.197360003
-0.115959998
0.119610004
0.245650003
0.221639998
0.07642
0.00013
-0.03062
-0.08129
-0.116009999
-0.130350002
-0.07998
-0.04811
0.04395
0.164940003
0.36558
0.50501
0.53088
0.565770001
0.632210002
0.744030003
0.802339996
0.77594
0.676230003
0.553210003
0.424400004
0.273880004
0.132209998
-0.00348
-0.209730001
-0.453840001
-0.626269998
-0.649840004
-0.641379997
-0.629430005
-0.538510003
-0.417290001
-0.287690002
-0.225430004
-0.232429998
-0.252289999
-0.3449
-0.484719997
-0.518419996
-0.390259998
-0.259419996
-0.248469995
-0.226859997
-0.181939998
-0.176509996
-0.153599997
-0.151419999
-0.171930001
-0.2037
-0.160039997
-0.06865
0.01387
0.05422
0.07915
0.115300001
0.155089998
0.169510002
0.08873
0.05696
0.104780002
0.12984
0.105840002
0.198329996
0.374680001
0.47164
0.505999996
0.490589997
0.443059998
0.448480003
0.525639999
0.54417
0.456520004
0.346479998
0.295350004
0.277880002
0.255449997
0.209340005
0.198290001
0.18715
0.08681
-0.101879999
-0.243649999
-0.258159999
-0.115579998
0.05419
0.08006
0.0668
0.06181
0.01758
-0.109169996
-0.219340005
-0.259620002
-0.300350004
-0.324210003
-0.308180002
-0.250279999
-0.1865
-0.133649998
-0.16397
-0.277170004
-0.300119998
-0.225799997
-0.124689995
-0.06907
-0.10552
-0.144189999
-0.164929997
-0.171600003
-0.208439996
-0.268200005
-0.250449997
-0.238739996
-0.252090003
-0.222509998
-0.099150004
0.08233
0.194489999
0.17177
0.07982
-0.03783
-0.09423
-0.09687
0.00265
0.223439996
0.319070005
0.340199999
0.309510003
0.18044
0.06245
0.05842
0.107300004
0.117960002
0.106399996
0.10261
0.0828
0.109500005
0.189739997
0.30275
0.360419998
0.248899997
0.10098
0.01691
-0.01234
-0.01517
-0.132759995
-0.272759997
-0.33373
-0.364499997
-0.339240002
-0.225549999
-0.124480002
-0.186550001
-0.193249996
-0.124860002
-0.07451
-0.0406
0.114949999
0.32843
0.395039999
0.283770005
0.172299995
0.14321
0.00244
-0.154340004
-0.206330002
-0.186220003
-0.137589998
-0.102369999
-0.05745
0.02999
0.07352
0.01819
-0.06456
-0.104670002
-0.08219
-0.08297
-0.132900004
-0.126900002
-0.07891
-0.04027
0.0326
0.136930001
0.128789996
0.0581
0.04302
0.03749
0.0084
0.0892
0.196650004
0.193299997
0.165769998
0.178679997
0.185119997
0.102049997
0.01472
0.05568
0.162470002
0.120989997
0.03833
0.04644
0.106930001
0.161689999
0.221809996
0.210749996
0.147759996
0.11386
0.04529
0.00414
-0.00725
-0.08929
-0.201509996
-0.275259997
-0.284549998
-0.245039997
-0.154150004
-0.05742
-0.09164
-0.178770004
-0.192649996
-0.07497
-0.05719
-0.129219998
-0.197610001
-0.268469995
-0.312379997
-0.342999999
-0.380479997
-0.371880001
-0.286809996
-0.210890004
-0.16889
-0.112010001
-0.02612
-0.04774
-0.06572
-0.03561
0.01183
0.05921
0.122479998
0.192049997
0.242500002
0.215240003
0.174709998
0.236559998
0.309339995
0.292109996
0.157630003
0.06925
-0.00236
-0.129379999
-0.14071
-0.01185
0.114599998
0.177649996
0.221889996
0.266360002
0.214879996
0.102090002
0.09663
0.196289997
0.259130002
0.285080003
0.297489996
0.205970005
0.07861
0.0593
0.04717
-0.07369
-0.156080004
-0.150020004
-0.128109997
-0.110940005
-0.04331
0.02997
-0.01076
-0.04049
-0.04869
-0.07284
-0.0368
0.01952
-0.01053
-0.08838
-0.09687
-0.05656
-0.03097
0.03388
0.09659
0.106620005
0.04228
-0.05252
-0.08898
-0.117030004
-0.123470004
-0.09765
-0.02873
0.02855
0.06279
0.138990003
0.187159997
0.200669995
0.164139998
0.03359
-0.03694
-0.06564
-0.123770004
-0.192679995
-0.266859998
-0.254340005
-0.198519996
-0.180460002
-0.21381
-0.265840003
-0.255590005
-0.160559995
0.0153
0.117539996
0.09716
0.0725
0.107930003
0.16514
0.155020004
0.144329998
0.106220002
0.01125
-0.04441
-0.06399
-0.04947
-0.05123
-0.08844
-0.104009995
-0.04336
-0.01507
-0.07758
-0.168750001
-0.188569998
-0.10117
-0.0368
0.0459
0.115570001
0.17544
0.205810004
0.162900004
0.08835
0.06562
0.116099996
0.114169996
-0.00079
-0.08705
-0.094
-0.118180001
-0.146689999
-0.143159998
-0.08834
-0.00731
0.07076
0.125259995
0.141980002
0.162170003
0.172230001
0.14196
0.12234
0.124940003
0.09388
0.06619
0.09058
0.06756
-0.00257
-0.07265
-0.144599998
-0.176509996
-0.147949996
-0.08922
-0.04208
0.0112
0.07153
0.08422
0.03805
-0.00586
-0.00682
0.02362
0.07621
0.05159
0.01191
-0.02562
-0.07588
-0.110480004
-0.127140003
-0.08591
-0.02053
0.03375
0.00225
-0.03229
-0.05279
-0.06382
-0.04921
-0.02375
0.00398
-0.00167
-0.01914
0.03161
0.07573
0.01915
-0.0233
-0.04484
-0.08206
-0.09805
-0.118219996
-0.092
-0.056
0.01942
0.129009995
0.137470002
0.09649
0.03891
-0.00733
-0.01456
-0.05929
-0.194620001
-0.23582
-0.122569995
0.00996
0.0688
0.109489999
0.107099998
0.0389
0.00264
-0.01187
-0.01267
-0.00111
0.02173
0.03778
0.05102
0.08125
0.100240002
0.120300001
0.134020002
0.099249997
0.02656
-0.02521
-0.01351
0.04639
0.121339998
0.162889998
0.123109997
0.05563
0.0194
-0.00633
-0.0275
-0.02135
-0.00795
-0.05043
-0.09797
-0.0637
-0.00665
0.00842
0.00526
0.00559
0.01241
0.01876
0.06069
0.116270004
0.06796
-0.03285
-0.05252
-0.03412
-0.0503
-0.07964
-0.0905
-0.137189995
-0.16552
-0.153880003
-0.113219996
-0.04884
-0.03141
-0.04792
-0.04004
0.02202
0.110290004
0.164430001
0.151240005
0.105780004
0.04128
0.00019
-0.00199
-0.0222
-0.02299
-0.00345
0.02261
0.04725
0.05128
0.05032
0.05086
0.06974
0.05133
-0.01486
-0.10166
-0.14158
-0.125620003
-0.08152
-0.07414
-0.05339
-0.00759
-0.01887
-0.02812
-0.02812
-0.005
0.00116
0.01872
0.04183
0.04667
0.04211
0.01231
-0.0053
-0.02402
-0.03714
-0.0373
-0.02813
-0.00382
0.05143
0.06545
0.01833
-0.02093
-0.04421
-0.0681
-0.09482
-0.0793
-0.06327
-0.04951
-0.04103
-0.0304
0.00399
0.04963
0.104260003
0.110359998
0.105549998
0.144879995
0.172090002
0.145730003
0.110270002
0.08445
0.05797
0.02658
-0.00778
-0.07137
-0.140780004
-0.151030002
-0.0952
-0.03202
-0.00219
0.00533
0.00942
-0.00554
-0.05825
-0.09394
-0.103250005
-0.08066
-0.05017
-0.05837
-0.08623
-0.111430005
-0.09392
-0.06612
-0.03525
-0.00818
0.02008
0.0457
0.04762
0.0675
0.09084
0.08334
0.08115
0.06761
0.01545
-0.02767
-0.03949
-0.02028
0.00477
0.00912
-0.012
-0.01946
-0.01885
-0.01908
-0.02001
-0.0381
-0.06658
-0.06406
-0.04802
-0.04804
-0.06469
-0.0407
0.02029
0.06154
0.09516
0.101330001
0.05976
0.03717
0.0518
0.03357
0.02818
0.05774
0.09402
0.114590002
0.116179997
0.07469
0.01498
0.0338
0.05814
0.02802
9E-05
0.00906
0.0344
0.02116
0.00402
0.00689
0.01323
0.00962
-0.00576
-0.03276
-0.02071
0.02902
0.06668
0.06667
0.08622
0.109970002
0.08567
0.07204
0.06801
0.07339
0.07515
0.05965
0.06791
0.06459
0.0266
0.00191
-0.02908
-0.08221
-0.14253
-0.153789997
-0.160540003
-0.178569998
-0.180179995
-0.163800003
-0.157610001
-0.171699996
-0.155050003
-0.123530002
-0.0924
-0.07447
-0.05827
-0.05625
-0.05609
-0.02921
0.01775
0.0585
0.07419
0.08142
0.06733
0.05751
0.04406
0.02588
0.02499
0.02538
0.02561
0.06758
0.115279998
0.120659998
0.123489997
0.123580004
0.103040002
0.0532
0.03679
0.04714
0.04966
0.06907
0.08019
0.0456
-0.01036
-0.04016
-0.03857
-0.05382
-0.05314
-0.04279
-0.02498
-0.00716
-0.01662
0.00785
0.02459
0.03792
0.03274
0.00042
-0.01136
-0.02408
-0.06002
-0.106000003
-0.125510003
-0.110350002
-0.08037
-0.0594
-0.03986
-0.02473
-0.00889
-0.00138
-0.00163
-0.01267
-0.03949
-0.06598
-0.08894
-0.06749
-0.01857
-0.00952
0.00978
0.04954
0.0611
0.06114
0.06059
0.05347
0.02758
0.01809
0.02744
0.00766
-0.02088
-0.01996
-0.00804
-0.02714
-0.07538
-0.0883
-0.05782
-0.02905
-0.03373
-0.02842
-0.00857
-0.0062
-0.00406
-0.02795
-0.061
-0.06681
-0.05672
-0.04694
-0.02357
0.03003
0.07674
0.10552
0.127619997
0.129210002
0.115430003
0.109320001
0.104040004
0.08826
0.08565
0.07437
0.05647
0.03213
0.00148
-0.01942
-0.04398
-0.05083
-0.04723
-0.01399
0.00707
0.00331
0.01653
0.01649
0.01636
0.01525
0.03901
0.04286
0.01159
-0.01846
-0.03295
-0.03642
-0.03926
-0.03254
-0.02229
-0.00372
-0.00706
-0.01388
-0.03213
-0.04759
-0.07502
-0.10685
-0.098830001
-0.08041
-0.04847
-0.01527
-0.01101
-0.01145
-0.02415
-0.06667
-0.098800002
-0.107770001
-0.102880001
-0.0775
-0.02075
0.03005
0.05445
0.05674
0.03573
0.00904
0.00579
0.04298
0.07845
0.08759
0.099620001
0.11484
0.104279996
0.10897
0.09716
0.06501
0.02812
-0.00286
0.00998
0.02266
0.04441
0.0567
0.06737
0.08911
0.110929999
0.117220004
0.104720004
0.08442
0.0415
0.0019
-0.01894
-0.02315
-0.02752
-0.01095
-0.00366
-0.00871
-0.01155
-0.01842
-0.00909
-0.01355
-0.00293
0.01384
0.00419
-0.00777
-0.02356
-0.03613
-0.04829
-0.06414
-0.09555
-0.125439999
-0.122859999
-0.08829
-0.04602
-0.02199
0.00455
0.02381
0.0286
0.02296
0.00503
-0.04518
-0.05961
-0.04489
-0.04687
-0.03398
-0.03858
-0.02411
-0.0143
-0.03611
-0.05855
-0.06493
-0.07294
-0.09268
-0.08711
-0.07055
-0.04811
-0.01395
0.02512
0.04434
0.04796
0.06749
0.0824
0.06192
0.03644
0.03013
0.01536
0.01642
0.03305
0.0263
0.01501
-0.02061
-0.04881
-0.06648
-0.08858
-0.06872
-0.05666
-0.02632
-0.0024
-0.01468
-0.02581
-0.00616
0.01553
0.02023
0.02223
0.01222
0.0002
-0.01237
0.00112
0.01838
0.03247
0.01945
0.00239
-0.0035
-0.01342
-0.00742
-0.02328
-0.03414
-0.02054
-0.00249
0.01902
0.01583
1E-05
-0.02826
-0.05342
-0.08527
-0.112649996
-0.116520002
-0.111179997
-0.09439
-0.0656
-0.02416
0.01289
0.03486
0.0425
0.06361
0.06727
0.06158
0.08753
0.09679
0.09637
0.112900004
0.138079998
0.154519998
0.142250003
0.144569999
0.146740001
0.131030002
0.102759995
0.08742
0.07487
0.05312
0.0345
0.02268
0.02772
0.01372
-0.00285
-0.02379
-0.04915
-0.05895
-0.0721
-0.08491
-0.06448
-0.05797
-0.09331
-0.104430001
-0.09566
-0.08264
-0.07325
-0.05985
-0.04448
-0.04603
-0.05358
-0.05463
-0.05937
-0.06834
-0.05747
-0.03722
-0.02778
-0.0286
-0.03019
-0.0403
-0.04151
-0.03157
-0.02967
-0.0119
-0.00805
-0.02265
-0.02564
-0.03057
-0.02648
-0.01768
0.00894
0.02386
0.0339
0.05333
0.05283
0.05596
0.07438
0.107250003
0.133660004
0.158249995
0.164720004
0.155190001
0.125300001
0.09379
0.05559
0.01428
-0.01236
-0.02917
-0.02743
-0.02916
-0.02502
-0.02296
-0.03002
-0.01898
0.00655
0.05943
0.106950003
0.106389999
0.120620003
0.117490005
0.107550002
0.109120005
0.09292
0.06851
0.03993
0.01538
0.00155
-0.00801
-0.02579
-0.0272
-0.01873
-0.00819
-0.00252
0.00827
-0.0092
-0.02991
-0.04513
-0.0607
-0.05428
-0.06345
-0.05648
-0.03744
-0.03498
-0.02787
-0.01862
-0.01923
-0.02021
-0.01424
-0.02131
-0.0385
-0.04633
-0.04224
-0.04783
-0.05307
-0.05063
-0.04592
-0.04551
-0.05404
-0.05996
-0.08199
-0.0735
-0.05804
-0.06216
-0.03454
-0.02183
-0.01423
-0.00592
-0.01676
-0.0384
-0.0588
-0.0618
-0.06218
-0.06219
-0.06211
-0.06209
-0.06038
-0.03344
-0.00377
0.01788
0.02286
0.02253
0.02337
0.03509
0.05359
0.05184
0.066
0.0634
0.04542
0.05025
0.06165
0.07527
0.06741
0.04879
0.03353
0.01314
0.01959
0.03445
0.04283
0.03433
0.0269
0.01979
0.01247
0.01226
0.01294
0.01846
0.03064
0.03941
0.02798
0.01749
0.01123
0.02171
0.01685
0.01213
0.01817
0.01357
0.01398
0.01393
0.01622
0.01175
-0.00343
-0.02215
-0.03511
-0.03282
-0.03122
-0.04084
-0.04388
-0.04119
-0.0311
-0.02771
-0.02527
-0.03681
-0.05523
-0.0477
-0.01345
-0.00243
0.00724
0.02671
0.03353
0.03944
0.03272
0.03915
0.03111
0.00539
-0.01803
-0.02794
-0.02544
-0.02775
-0.01138
0.00014
0.00133
3E-05
-0.01879
-0.04378
-0.04045
-0.02709
-0.02231
-0.01221
-0.01369
-0.00021
-0.00415
-0.00488
0.00415
0.00815
0.01906
0.00812
0.01181
0.02596
0.01678
0.01109
0.01248
0.01693
0.01353
0.00377
0.00097
0.00331
-0.01183
-0.02078
-0.01095
-0.00803
0.0036
0.02859
0.05245
0.05314
0.0569
0.05703
0.06728
0.08118
0.07583
0.07806
0.05075
0.03952
0.01824
-0.00462
-0.01949
-0.03655
-0.03925
-0.05973
-0.07792
-0.09802
-0.0963
-0.08006
-0.05441
-0.05185
-0.04994
-0.04432
-0.039
-0.03864
-0.0267
-0.00758
-0.02841
-0.03635
-0.03932
-0.04496
-0.04527
-0.03395
-0.01551
0.00122
0.00775
0.01513
0.01753
0.01014
0.0018
0.00411
0.00619
0.00236
0.0047
0.00246
0.02149
0.02916
0.0388
0.04331
0.03328
0.03038
0.03258
0.02776
0.03187
0.02434
0.00354
0.00469
0.00324
0.00418
0.00382
0.00495
0.0023
0.01896
0.03033
0.03271
0.01444
0.00084
-0.01434
-0.02616
-0.03637
-0.03478
-0.02523
-0.01651
0.0039
0.00465
-0.00975
-0.02515
-0.02275
-0.00631
0.0056
-0.01058
-0.004
0.00159
0.00827
0.02371
0.00544
0.006
0.02888
0.03038
0.02064
0.01216
0.01979
0.01952
0.00384
0.00336
0
0.01823
0.02959
0.02836
0.01283
-0.00223
-0.00243